0 29.610038645914756 0.8219128781557083 0.5006521096229554 0.37125775575637815					
1 26.948291343986057 0.2746528086066246 0.2804388456344605 0.23516013622283935					
2 25.999434311990626 0.13746464759111404 0.20485444712638856 0.17847856283187866					
3 26.795873038005084 0.07819059543311596 0.15781370902061462 0.15093326926231385					
4 25.092805529013276 0.055710716098546983 0.1349910876750946 0.13614234328269958					
5 24.89566705597099 0.04424327470362186 0.12109469604492187 0.12399317145347595					
6 23.104102878947742 0.036581948213279245 0.10991049242019653 0.11279013395309448					
7 23.98631219204981 0.031327857971191406 0.10158128428459168 0.10640032887458802					
8 22.500777257955633 0.026914040669798852 0.09387753701210022 0.0998388683795929					
9 22.996657314011827 0.024463293850421907 0.08936091721057891 0.09729142010211944					
10 23.11175163590815 0.021795883066952227 0.08398992323875427 0.09066232681274414					
11 23.492947271093726 0.019541061352938413 0.07917165732383728 0.08557237088680267					
12 22.899248043075204 0.017744806539267303 0.07533923304080963 0.08188489377498627					
13 23.196935149957426 0.016353294104337692 0.07205896246433258 0.07944930732250213					
14 23.196524997008964 0.015412486009299755 0.07008047354221345 0.07686101734638214					
15 23.195118351955898 0.014617131296545268 0.06789255559444428 0.07507268607616424					
16 23.20481062901672 0.013781633973121644 0.06596155500411988 0.072998486161232					
17 24.098510875017382 0.012875307369977235 0.06352570497989654 0.0706053376197815					
18 23.696854257956147 0.0118964615277946 0.06086593639850617 0.06912186324596405					
19 24.291675457032397 0.011381757110357285 0.05953176140785217 0.06983293890953064					
20 24.107509874971583 0.010923105496913195 0.058214620113372806 0.0659208369255066					
21 23.806186710018665 0.010291016576811671 0.056305996417999264 0.06497449934482574					
22 26.195837267907336 0.009684397364035249 0.05452655303478241 0.06379765868186951					
23 24.102281719911844 0.009414880117401481 0.05380635058879852 0.06372448742389679					
24 24.886354402988218 0.009398740567266941 0.053926197528839113 0.061688945293426514					
25 24.907128111924976 0.00893081828020513 0.05242271387577057 0.06059200346469879					
26 24.193643811973743 0.008313267109915614 0.05042073130607605 0.058547123968601227					
27 25.40476734691765 0.00812184102833271 0.04984825366735458 0.05985585153102875					
28 24.19658659794368 0.0077935121767222885 0.04862372756004334 0.05785470724105835					
29 23.398644854081795 0.007610040549188853 0.048147172451019286 0.05721103847026825					
30 25.5937929720385 0.007345462618395686 0.047316007494926454 0.056327162981033324					
31 24.390548885101452 0.00705885861068964 0.046215357840061186 0.05700073391199112					
32 23.408731507952325 0.006755978148430586 0.04506050080060959 0.054758134186267855					
33 25.194063278031535 0.006901735607534647 0.04585627776384354 0.056236858367919924					
34 24.89694832393434 0.006613445673137903 0.04486526042222977 0.053033936321735385					
35 24.204705032985657 0.006217713290825486 0.04319060134887695 0.0513938769698143					
36 23.187566276988946 0.005898173581808806 0.041875129103660584 0.05102675765752793					
37 23.109930056962185 0.0057135970517992974 0.0412987545132637 0.05114942938089371					
38 22.895305946003646 0.005529494625516235 0.040508233785629275 0.05017610847949982					
39 22.99784649501089 0.00548911358229816 0.040535445153713226 0.050176199972629544					
40 23.29320035490673 0.005506048435345292 0.04073241686820984 0.04953661262989044					
41 23.59818846604321 0.0054883604496717454 0.04070651656389236 0.049467408657073976					
42 26.21250968100503 0.005132019692100584 0.03903560769557953 0.04818620145320893					
43 27.90247032197658 0.0050308619486168025 0.038815982580184934 0.04781258195638657					
44 26.492926971055567 0.004867425793781877 0.038085184752941134 0.04702257722616196					
45 24.592091740923934 0.004748884136788547 0.03753515422344208 0.04712851345539093					
46 24.092760748928413 0.004729986609891057 0.03759058040380478 0.04617719918489456					
47 26.70265270001255 0.004455020348541438 0.036295584857463835 0.04589044034481048					
48 25.90249932697043 0.004519349909387529 0.03668419635295868 0.047730355858802795					
49 24.103498750948347 0.004410464479587972 0.036266519486904146 0.04635918200016022					
50 23.591497602057643 0.004195204670540988 0.035164807736873624 0.04463048070669174					
51 23.388562462991104 0.004147368273697794 0.03504608941078186 0.04430554151535034					
52 24.109280648990534 0.003941144524142146 0.03404772633314133 0.043633277118206026					
53 23.80675742996391 0.0037851502606645227 0.0332532861828804 0.04289062142372131					
54 25.19998456304893 0.0037771488912403586 0.03328586733341217 0.043145403265953064					
55 26.23888940399047 0.003783841272816062 0.03338619029521942 0.043039605617523194					
56 24.749769914895296 0.0037612316897138952 0.03326192420721054 0.04279165178537369					
57 23.091559422085993 0.0037246074434369803 0.03324385106563568 0.043499448597431184					
58 23.40482152509503 0.00358697229065001 0.032539381504058836 0.04197448432445526					
59 25.09739335300401 0.003630505045875907 0.03278053480386734 0.04279257565736771					
60 25.700054078013636 0.0035898393718525766 0.03268299448490143 0.041585187613964084					
61 26.34649906400591 0.0034869491308927537 0.032074770092964174 0.04221298336982727					
62 25.949544482980855 0.003419077405706048 0.03177408480644226 0.04090232282876968					
63 24.60062919498887 0.0033722918666899203 0.031521088123321536 0.04183977037668228					
64 25.4915146100102 0.0032924106437712906 0.031188620865345 0.04115678310394287					
65 26.013217814965174 0.003203482273966074 0.03066925722360611 0.041285164058208465					
66 24.89541889692191 0.003170499140396714 0.030466534614562987 0.0405510076880455					
67 25.200031234067865 0.0030056460294872523 0.029519114017486574 0.03888808667659759					
68 24.296199158998206 0.0030481716617941856 0.029840475380420686 0.0408170023560524					
69 23.48339286504779 0.003103402778506279 0.030287423849105835 0.04096069484949112					
70 24.102210705983452 0.0032818765146657826 0.03139449191093445 0.04006190121173859					
71 24.099724120926112 0.003046003398485482 0.0300075826048851 0.04045847803354263					
72 24.103528019972146 0.0029599501192569735 0.029433613419532777 0.03868490189313888					
73 23.792532808962278 0.0029666734486818312 0.02962651401758194 0.038658054769039156					
74 24.00890597293619 0.0029085367545485497 0.029256723940372466 0.03877587109804154					
75 23.690246606012806 0.0027903030440211297 0.028494237780570985 0.03892859548330307					
76 24.30706821300555 0.0027693642117083074 0.02835430908203125 0.038942479491233827					
77 23.88524754997343 0.00292539041955024 0.02942261838912964 0.03972663581371307					
78 24.21613554493524 0.002978191007860005 0.02976482230424881 0.038266246318817136					
79 25.086345418007113 0.002711804937571287 0.028044236481189727 0.03703304290771484					
80 23.20727256790269 0.0026082902820780875 0.027577257007360457 0.037300078868865966					
81 24.50123780197464 0.002594734104350209 0.027366998702287672 0.036811723709106445					
82 25.093620382016525 0.0024902432691305877 0.026877497345209122 0.03841448366641998					
83 24.704089388949797 0.0026407298492267728 0.02781823319196701 0.0361043506860733					
84 24.898282523965463 0.002535746137145907 0.02720344042778015 0.0365801140666008					
85 24.786934375064448 0.002546042127069086 0.027314334243535996 0.03666780561208725					
86 25.20270216302015 0.0023334858939051627 0.02579273819923401 0.03655643194913864					
87 24.495433127041906 0.0023505802080035208 0.02604225653409958 0.03624449551105499					
88 23.403040078934282 0.0024300470668822526 0.02659504532814026 0.035636343359947205					
89 26.103740677936003 0.00240542997373268 0.026384481012821197 0.03541472464799881					
90 23.795035670977086 0.0023452464258298276 0.02608087119460106 0.03552153646945953					
91 23.400826564989984 0.0025020924326963723 0.027136204898357393 0.03711753875017166					
92 24.298217689967714 0.002534200814552605 0.027392519116401674 0.03612538784742356					
93 23.794665420078672 0.0023707831697538494 0.02631436961889267 0.036345208883285525					
94 24.192534198984504 0.0023823469527997077 0.026406558126211167 0.03495155841112137					
95 23.509422247996554 0.002136703096330166 0.024663019716739655 0.034481332302093506					
96 25.195659728022292 0.002254137808922678 0.025586223304271696 0.036699243783950806					
97 23.996976182912476 0.002279259746428579 0.0257952940762043 0.034916894137859346					
98 26.91094317799434 0.002103658642154187 0.024534616112709046 0.034281246066093445					
99 24.890075471019372 0.0021151337120682 0.024630989998579024 0.03431928336620331					
100 23.589906660025008 0.0018229278735816478 0.022439862966537476 0.032508922219276426					
101 23.508889663033187 0.0017080395435914398 0.021549683690071104 0.032253885567188265					
102 24.387977871927433 0.0016756709082983434 0.021296621173620224 0.032152990102767946					
103 23.80786451906897 0.0016835500439628958 0.021409905791282654 0.03236122339963913					
104 24.305071749025956 0.0016711753932759166 0.021348237693309784 0.031854786574840546					
105 24.38198109192308 0.0016553235612809657 0.021223074197769164 0.032120310962200166					
106 25.911186833051033 0.0016446868563070893 0.021180074602365494 0.03185212329030037					
107 25.89819402701687 0.0016283660917542876 0.021043236792087555 0.03235911220312118					
108 24.398283894988708 0.0016357531771063805 0.02115387451648712 0.03178886890411377					
109 25.391729113995098 0.001607827867846936 0.020947339653968812 0.0317695352435112					
110 24.606248587951995 0.0015857563214376569 0.020764255672693254 0.031601620018482206					
111 23.603365749004297 0.0015782338427379728 0.02071747735142708 0.03142817869782448					
112 24.57959879701957 0.0015657109534367919 0.020633085548877717 0.03169862240552902					
113 23.907356190960854 0.0015677839703857898 0.020640296757221222 0.031699378490447995					
114 26.20383470505476 0.0015592813910916448 0.020624269932508467 0.03161725327372551					
115 23.887414718046784 0.001565101034939289 0.020644913733005525 0.03207471042871475					
116 24.299699866911396 0.0015700128255411983 0.020780205488204955 0.03178240835666656					
117 24.71160978707485 0.0015540858311578632 0.020607934296131135 0.032365294694900515					
118 24.78662386594806 0.0015493116970174015 0.020587913423776628 0.03141436561942101					
119 24.60697955195792 0.0015030406974256038 0.020228708893060686 0.031170970648527144					
120 24.185644371900707 0.0014766657259315252 0.01998364543914795 0.03131405353546143					
121 24.01238105702214 0.0015093005634844302 0.020279656529426576 0.0310810524225235					
122 23.798248065984808 0.001505613005720079 0.0202955227792263 0.03130922958254814					
123 24.19877851800993 0.0015038449293933809 0.020279895573854446 0.03117968648672104					
124 26.100004486972466 0.0014917687699198723 0.02019189301133156 0.03157406404614448					
125 25.387897616950795 0.00152528187725693 0.020533135026693343 0.031097895354032516					
126 24.204272703966126 0.0014677860355004667 0.020007625997066496 0.03103307843208313					
127 24.805231426027603 0.0014471828285604715 0.019820010125637055 0.03110023096203804					
128 25.092755908961408 0.0014557144301943481 0.019922501981258393 0.031150419414043427					
129 24.891930214012973 0.001439142634626478 0.019784152388572694 0.030585360527038575					
130 24.409385553910397 0.0014650168013758957 0.020054897010326384 0.0312677001953125					
131 23.697306832065806 0.0014203705452382565 0.019680246263742446 0.030779382139444353					
132 24.28782357601449 0.001409829342737794 0.01961425819993019 0.03073621988296509					
133 23.80543301498983 0.0014276655344292522 0.019769403785467148 0.03106623366475105					
134 24.591251513920724 0.0014286178164184093 0.01981085366010666 0.030799528360366823					
135 23.89989997597877 0.0014215650130063296 0.01976681399345398 0.030757881700992584					
136 24.102718489943072 0.0013934643287211656 0.01953056135773659 0.030951561331748964					
137 25.493230853928253 0.0014208215172402561 0.019776156276464462 0.030336815118789672					
138 23.712536326958798 0.001372887105681002 0.01933712151646614 0.030405798703432085					
139 24.78761122794822 0.0013916057185269892 0.01950639757514 0.030402729362249373					
140 25.70773658400867 0.0013489783508703113 0.019140321522951125 0.030604285299777986					
141 24.199024428031407 0.001377622331492603 0.01944536378979683 0.030057282447814943					
142 24.59577218897175 0.0013413891522213817 0.019068778395652772 0.03070018336176872					
143 25.60264620790258 0.0013618067908100784 0.019329841881990432 0.030359485745429994					
144 25.797942782985047 0.0013501840317621827 0.019221917420625685 0.030405833423137664					
145 23.500748350983486 0.0013329679798334837 0.01905676770210266 0.030503273010253906					
146 25.685195664991625 0.0013185806293040513 0.0189744214117527 0.029885002076625825					
147 23.805852856021374 0.0013661977439187467 0.019365813702344893 0.03097696289420128					
148 22.404519525007345 0.001358153526671231 0.019371694177389143 0.030007894933223724					
149 25.096622552955523 0.001353645835770294 0.019296459138393403 0.0305855193734169					
150 24.98874038597569 0.0013239688682369888 0.019065926045179368 0.02988688975572586					
151 23.709049582947046 0.0012817582488059997 0.018629592448472978 0.030173635333776472					
152 24.790810836013407 0.001263782314490527 0.018465312242507935 0.02992259383201599					
153 23.505804490996525 0.001300778652075678 0.018866359949111938 0.029542511105537416					
154 23.301138700917363 0.0012979238480329515 0.01884172424674034 0.030075354129076005					
155 23.37983103399165 0.0013238967163488268 0.019100995689630508 0.029752060621976852					
156 23.01347969600465 0.001322872401215136 0.01909112048149109 0.029659635573625564					
157 25.405938353040256 0.0012609391938894986 0.01851848256587982 0.029624613523483275					
158 24.787300296942703 0.0012352692359127104 0.01825539830327034 0.029319487065076828					
159 23.69301044999156 0.0013018085062503815 0.01894123610854149 0.029748029559850692					
160 23.498747400008142 0.0012397419125773012 0.018381497859954833 0.029878579378128052					
161 27.265969838015735 0.0012697213236242532 0.018697687059640884 0.030428777635097503					
162 24.844542047008872 0.0012520788214169442 0.018496775329113008 0.029727884978055955					
163 24.99796302698087 0.0011982577585149556 0.017967435091733933 0.029490419030189514					
164 23.693032465991564 0.001231165761128068 0.01827265775203705 0.029722423255443574					
165 24.192452284041792 0.0011909494851715862 0.017899775683879852 0.029785074889659882					
166 23.499372334918007 0.0012073212990071625 0.018096603512763976 0.02935525119304657					
167 23.612689053057693 0.0011793679953552782 0.017828274726867675 0.029225305318832398					
168 23.49658311693929 0.0011948265263345094 0.0179880972802639 0.029223484545946123					
169 25.955266593024135 0.0011787462187930941 0.0178516928255558 0.02932158648967743					
170 25.94069162197411 0.001161764122080058 0.017703108102083205 0.02925796166062355					
171 24.19373789790552 0.0011687365756370127 0.01778610944747925 0.02930685743689537					
172 23.901245799963363 0.0011860511731356382 0.01796684664487839 0.02928928643465042					
173 22.988445359049365 0.0011797193437814713 0.017904776006937028 0.028811287730932236					
174 24.513890519971028 0.0011856215144507587 0.018001137912273407 0.02902967631816864					
175 25.099114208016545 0.0011711089033633471 0.01785633283853531 0.0287497441470623					
176 24.88664672500454 0.0011530485202092676 0.017654592007398606 0.02916737288236618					
177 25.00298902997747 0.0011614909977652132 0.01775378942489624 0.028881931900978087					
178 25.500830177916214 0.0012370744487270712 0.018531972646713257 0.029242662787437437					
179 24.79338823503349 0.0011850560177117586 0.018027062773704527 0.028725616335868835					
180 23.299597303033806 0.0011630909272935242 0.017818098247051238 0.02908333867788315					
181 24.60404778306838 0.0011402807233389467 0.0175825055539608 0.02879460111260414					
182 24.59692001005169 0.0011239693500101565 0.017424326002597808 0.02870507001876831					
183 24.092712403973565 0.0011308789812028409 0.01751526126265526 0.0292322339117527					
184 24.295726170996204 0.0011762993806041777 0.017998611271381377 0.028933104127645493					
185 23.695858191000298 0.0011042980302590876 0.01724238058924675 0.028727142214775084					
186 24.80800968396943 0.0011291217734105885 0.017530163913965224 0.028732697069644927					
187 26.40270958095789 0.0011176953127142043 0.01738341847062111 0.028464682400226593					
188 26.935022323974408 0.001083414099412039 0.01705448633432388 0.028162726014852524					
189 27.062425895011984 0.0011382437276188284 0.01766640105843544 0.029614202976226807					
190 25.695058909012005 0.0011671233701054007 0.01799607527256012 0.028446142673492433					
191 24.7927921829978 0.0011092486081179232 0.01737482213973999 0.028845194578170776					
192 23.793247863999568 0.001143774240044877 0.017730910420417786 0.02856727421283722					
193 23.095499434042722 0.0010828254965599626 0.017096028566360475 0.02789375603199005					
194 23.3068767930381 0.00109626276884228 0.01726005154848099 0.028412734866142274					
195 22.354455580934882 0.0010822715004906059 0.017082555502653123 0.0284613698720932					
196 22.09788870695047 0.0011068117304239421 0.017423904240131377 0.02833433300256729					
197 23.043689404032193 0.0010703357169404627 0.017010881125926972 0.028260273188352586					
198 23.89734488702379 0.0010632156883366407 0.01694771659374237 0.02919540390372276					
199 24.599755820003338 0.0010808437969535589 0.01708458212018013 0.028402276188135147					
200 22.89056320907548 0.0009630277822725475 0.01584518614411354 0.027495526969432832					
201 23.60192810697481 0.0009257021930534393 0.015437347382307053 0.027268508672714232					
202 23.996192271006294 0.0009097822569310665 0.015272676348686218 0.02727845758199692					
203 23.19430851994548 0.0009065769729204476 0.015224751353263856 0.027316845059394836					
204 22.601888773962855 0.0009082375979050993 0.015278259426355361 0.027366028279066087					
205 23.204955672030337 0.0009095162875019014 0.015279516845941544 0.027357642203569413					
206 23.885477410978638 0.0008982811844907701 0.015171093374490737 0.027301419377326965					
207 23.409036537981592 0.0009112798399291932 0.015345795184373855 0.027259895503520967					
208 22.798935211030766 0.0008965941495262086 0.015168432503938675 0.027308443486690523					
209 23.19859348097816 0.0008903609775006771 0.015101429790258407 0.027117964178323746					
210 23.5000428550411 0.0008894887822680175 0.015102690547704696 0.027225371897220612					
211 23.900050639989786 0.0008893074875231833 0.015095218032598496 0.027246177941560746					
212 23.18351598305162 0.0008808692765887826 0.015026213616132737 0.027170850932598113					
213 24.511118463007733 0.0008863113110419363 0.015100590139627456 0.02725081264972687					
214 23.696001554024406 0.0008853268425446004 0.015082391679286957 0.027228993326425553					
215 23.00095437699929 0.0008899439091328531 0.01515363597869873 0.02702101171016693					
216 23.493883036077023 0.0008869976573623717 0.01514988198876381 0.027274249494075774					
217 23.68941958306823 0.0008824643038678915 0.015080763548612595 0.027360971570014953					
218 23.897122900001705 0.0008866734057664871 0.015166653871536255 0.027188477814197542					
219 23.90650504489895 0.0008738770603667945 0.01499685725569725 0.027107023745775224					
220 24.59139076806605 0.0008686673024203628 0.014928071796894073 0.027172388434410097					
221 24.4066307839239 0.0008693029580172151 0.0149532211124897 0.027069919407367707					
222 23.000614825985394 0.0008822045277338475 0.0151145039498806 0.027229925990104674					
223 23.591693955939263 0.0008808847097679973 0.015118018925189972 0.027057810872793197					
224 23.098550508962944 0.0008629160409327596 0.014884504675865173 0.027141838371753692					
225 23.69309810490813 0.0008663900184910744 0.0149542356133461 0.027052809298038483					
226 23.901987796998583 0.0008645914762746543 0.014912822306156159 0.02692688435316086					
227 25.60413338500075 0.0008552829280961305 0.014822292983531951 0.02694648042321205					
228 22.400078014936298 0.0008492620778270066 0.014765715658664703 0.026927685886621474					
229 23.489721653051674 0.0008500997535884381 0.014778961211442947 0.026975342631340028					
230 23.30608814104926 0.0008527914935257286 0.014811129450798035 0.02696659490466118					
231 22.900136269978248 0.0008590847894083709 0.014908790737390518 0.026929905861616133					
232 23.990674935048446 0.0008480686007533222 0.014786540925502778 0.02692695364356041					
233 23.60359261801932 0.0008456392982043326 0.014744089394807815 0.027007507085800173					
234 23.586733152973466 0.0008312376867979765 0.014568604230880737 0.02670482337474823					
235 23.10857877205126 0.000829026837600395 0.014565613716840745 0.026834988296031953					
236 22.697732922038995 0.0008382481057196856 0.01468410575389862 0.026781977266073228					
237 23.80004060198553 0.0008366534765809774 0.01466609126329422 0.02669610992074013					
238 24.596732840058394 0.0008355815289542079 0.014680340379476547 0.026770485639572142					
239 24.453159831929952 0.0008365793933626264 0.014692603439092636 0.026891370415687562					
240 24.839431404019706 0.0008327056420966983 0.014650382846593858 0.026836017817258834					
241 23.19357587804552 0.0008354550437070429 0.014690973043441772 0.026675789803266525					
242 23.808577494928613 0.000836981077445671 0.014725584000349045 0.026909169256687165					
243 22.999348727986217 0.0008257655124180019 0.014572561919689178 0.026704670041799546					
244 23.396104426006787 0.0008218494965694845 0.014543470591306687 0.02674908459186554					
245 23.79333910404239 0.0008303296193480492 0.014637496083974839 0.027037267535924912					
246 23.802870142040774 0.0008214511151891201 0.014542444705963135 0.027021497637033463					
247 22.99309871706646 0.0008237853774335235 0.014593941628932953 0.026942347437143327					
248 23.40224355494138 0.0008226680045481771 0.014585330665111541 0.026568389683961868					
249 22.995165374013595 0.0008174919232260436 0.014516311883926391 0.0268890181183815					
250 23.303238785942085 0.0008174824540037661 0.014533405393362045 0.02659610077738762					
251 22.88306497305166 0.0008073295513167977 0.014414036750793457 0.026751940548419954					
252 23.711415136931464 0.0008227529388386756 0.014581226825714111 0.02694407731294632					
253 22.69797390792519 0.0008113629731815308 0.01446980980038643 0.026718412935733796					
254 22.88732230500318 0.000806813519448042 0.01441940924525261 0.026677704155445098					
255 23.093842943082564 0.0008302954735700041 0.01472354418039322 0.027304939180612563					
256 22.81306797300931 0.0008226649719290435 0.014624990880489349 0.02657341420650482					
257 24.39688600494992 0.0007930610992480069 0.014255635619163513 0.026455500572919847					
258 23.394769647042267 0.000798210931243375 0.014324299812316895 0.026629711538553237					
259 23.002482278971 0.0007926686620339751 0.014276160567998885 0.026571294367313383					
260 24.4979816529667 0.0007850768987555057 0.014167660504579543 0.026620568335056306					
261 22.987608444993384 0.0007798758847638964 0.01410933655500412 0.026631478369235993					
262 23.410093592945486 0.0007964225939940661 0.014335578948259353 0.02665217414498329					
263 23.9881443020422 0.0007923018862493336 0.01427710598707199 0.026586694419384004					
264 22.906467357999645 0.0007791044248733669 0.014123280450701714 0.026444558799266816					
265 23.299436511006206 0.000785799928708002 0.014202479630708694 0.026521199345588685					
266 22.99641270202119 0.0007744130899664015 0.014093445613980293 0.026422003507614134					
267 23.604428600985557 0.0007774117297958583 0.014121501743793487 0.02650654673576355					
268 23.792898732004687 0.0007741481403354555 0.014093338698148727 0.026450252532958983					
269 23.098612711997703 0.000773301764857024 0.014072766810655593 0.026477192044258118					
270 25.60236682498362 0.0007827303500380367 0.014209085613489152 0.026415952891111375					
271 25.49727868300397 0.0007699341245461255 0.014045071631669999 0.026556774228811263					
272 24.689627072075382 0.0007856860617175698 0.014277988284826279 0.026588451266288757					
273 23.592075642896816 0.0007735185790807009 0.01411252823472023 0.02651831567287445					
274 22.702584846992977 0.0007739155343733728 0.014132705748081207 0.026435837298631668					
275 23.205009763943963 0.0007659665937535465 0.014031569868326188 0.026337311267852784					
276 23.09627924999222 0.0007591230270918459 0.013928265437483787 0.026453435570001602					
277 23.199907265021466 0.0007599506143014878 0.013939733356237412 0.026438872218132018					
278 23.29279877303634 0.000758993640774861 0.013951851934194565 0.026363774687051773					
279 22.402120174025185 0.0007553981279488653 0.013895461708307267 0.026510498374700545					
280 22.897210846072994 0.0007670478895306587 0.014073289319872857 0.02631849244236946					
281 22.795989169972017 0.0007588973920792341 0.013964521825313568 0.02632326290011406					
282 22.990909434040077 0.0007567395456135273 0.013941544875502586 0.02635714739561081					
283 23.50530100497417 0.0007537504856009036 0.013931210815906524 0.026364906579256057					
284 23.691155627020635 0.0007458681636489928 0.013799689054489136 0.026271781027317045					
285 22.904492864967324 0.0007402577763423324 0.013734139531850815 0.026456341594457627					
286 23.200944312033243 0.0007452859461773187 0.013823172271251679 0.026316609382629395					
287 23.194409710005857 0.0007517909235320986 0.013925767228007317 0.026400329470634462					
288 23.89844425697811 0.0007463749800808727 0.013844631731510163 0.026313412934541702					
289 23.096227945992723 0.0007389898551627993 0.013731648474931716 0.026310735642910005					
290 23.300927296979353 0.0007405378925614058 0.013765669286251067 0.0260444150865078					
291 23.198195369099267 0.0007561394362710416 0.013989843606948852 0.026367681026458742					
292 23.406283230986446 0.000753422238631174 0.013966523885726929 0.026282556653022766					
293 24.893073808052577 0.0007487705769017339 0.013903537392616272 0.02611442044377327					
294 24.101090281968936 0.0007390203210525214 0.013788754016160965 0.02623804524540901					
295 23.09492920397315 0.0007290785305667668 0.013653891891241074 0.02620868057012558					
296 23.68856946507003 0.0007265736127737909 0.013613506078720092 0.026014401763677596					
297 23.7046232749708 0.0007234949007397518 0.01359366551041603 0.026010301113128662					
298 23.399838665034622 0.0007263230835087598 0.013631266385316849 0.026150735914707183					
299 23.094131381018087 0.000723253496689722 0.013577477395534516 0.02608166992664337					
300 23.697079733014107 0.0006791677291039378 0.013021172717213631 0.02577407196164131					
301 26.909218941931613 0.0006703470210777596 0.012879805564880371 0.0256950543820858					
302 24.59737433900591 0.000668270707828924 0.01285440617799759 0.025694584995508193					
303 22.989286568015814 0.0006654207373503596 0.012825377345085143 0.02571970969438553					
304 23.073107510921545 0.0006676972273271531 0.012866422042250632 0.025746739506721496					
305 23.723179856082425 0.0006635090528288856 0.0128188766092062 0.025740818530321122					
306 22.375669731991366 0.0006633302313275635 0.012824272677302361 0.02570227697491646					
307 22.113908837083727 0.0006671490881126374 0.012861628249287606 0.025712233185768128					
308 22.80360856303014 0.000662443368928507 0.012801820546388626 0.02570377290248871					
309 21.964392742025666 0.0006622132589109242 0.012816757798194885 0.025689612329006194					
310 22.836904280935414 0.0006672396336216479 0.012892933577299119 0.025686407238245012					
311 22.702635223977268 0.0006603466311935336 0.012798009410500527 0.025687448382377624					
312 23.591725624050014 0.0006594175042118878 0.012787164717912674 0.025722951591014863					
313 23.29348165402189 0.0006592132651712746 0.012784983977675439 0.025724495500326156					
314 23.50599410594441 0.0006607297400478274 0.012820357665419578 0.02562748283147812					
315 23.196402156958356 0.0006556972482940182 0.012732868149876595 0.025746172070503236					
316 22.891356923035346 0.0006569074431899935 0.01277149797976017 0.02564179390668869					
317 23.209433438023552 0.0006586848513688892 0.01279033936560154 0.02564141631126404					
318 23.298790870932862 0.0006550641596550122 0.012744171306490899 0.025624488443136216					
319 23.494656012044288 0.0006532847497146576 0.012725676357746124 0.02563156858086586					
320 22.500516499974765 0.0006539053900633008 0.012732475072145462 0.02565747007727623					
321 23.788608897011727 0.0006508672935888172 0.012716220542788505 0.025594369769096376					
322 23.404506823047996 0.0006517818884458393 0.012720862239599227 0.025583377629518508					
323 23.092529942980036 0.0006497941724956036 0.012690445467829704 0.02561158761382103					
324 23.59689086105209 0.0006512538937386125 0.012721043601632119 0.025650923550128938					
325 23.098361711017787 0.0006483315012883395 0.012687723979353905 0.02562039569020271					
326 24.211522352998145 0.0006472810404375195 0.012666075721383094 0.025618633031845094					
327 23.886933818925172 0.000645221269223839 0.012640636548399925 0.025603963136672972					
328 23.395447105984204 0.0006438787840306758 0.012623942479491234 0.02558626443147659					
329 25.601494556991383 0.0006465009122621268 0.012660548433661462 0.025555341094732283					
330 27.00699068803806 0.0006462745612952858 0.012671833723783494 0.025618980675935744					
331 26.696669992990792 0.0006440949847456068 0.012644276097416878 0.025571094006299974					
332 23.088228438049555 0.0006407461367780343 0.012595644816756249 0.025556910634040832					
333 23.103145754896104 0.0006423094373894855 0.0126234210729599 0.025515916496515273					
334 23.30482906207908 0.0006400926824426279 0.012587955996394158 0.025618440508842467					
335 23.694970721029676 0.0006445338018238545 0.012670069620013238 0.02560537278652191					
336 24.599227623082697 0.0006427144887857139 0.012643962576985359 0.025716044902801515					
337 22.992237634956837 0.0006417845329269767 0.012631881326436997 0.025491151213645934					
338 23.50298980693333 0.0006382006109924987 0.012579966425895692 0.02568929821252823					
339 23.402584689087234 0.0006438170175533742 0.012675557538866997 0.02552420139312744					
340 22.99610804801341 0.0006342015461996197 0.012531894862651825 0.025486526638269426					
341 22.895469735958613 0.0006368319719331339 0.012581104055047036 0.02554256483912468					
342 22.2993715419434 0.0006354785413714126 0.012570603936910629 0.025549774020910264					
343 23.397473549935967 0.0006342159118503332 0.012536184087395668 0.025468419343233108					
344 23.701277668005787 0.0006320356979267671 0.012514536142349243 0.02542354181408882					
345 22.89085280802101 0.0006329316738992929 0.012530910030007362 0.025604583472013474					
346 24.74977689399384 0.0006348905456252396 0.012566516444087029 0.025486175417900086					
347 26.351121773943305 0.0006298320490168408 0.012490276366472245 0.025456060320138932					
348 22.892287613009103 0.000631699693039991 0.01253337700664997 0.02556991308927536					
349 23.39941007993184 0.0006303117668721824 0.012512277618050575 0.025466134250164033					
350 23.302053300081752 0.0006268670654390007 0.012479918643832206 0.025497037768363952					
351 23.50051782198716 0.0006274328858125955 0.012481436312198639 0.025451444536447525					
352 24.795025023980998 0.000625930349342525 0.012458533093333245 0.025480397939682008					
353 24.80334840004798 0.0006263279472477734 0.012465273782610893 0.02552132695913315					
354 23.79391493194271 0.0006231833784841001 0.012431616306304932 0.02550833210349083					
355 22.693845567991957 0.0006230270862579346 0.012421760365366935 0.025384918302297593					
356 26.803906209999695 0.0006208603590494022 0.01239811085164547 0.025367054641246795					
357 23.995048837037757 0.0006198729004245251 0.012378697663545608 0.025475844740867615					
358 22.990226826048456 0.0006203395186457783 0.01240142548084259 0.025485823899507522					
359 23.610247483011335 0.0006238941644551233 0.012457065969705581 0.025448099672794343					
360 23.896405190927908 0.0006210244889371097 0.01242392848432064 0.025520282238721846					
361 23.093412767979316 0.0006208810419775546 0.012409881889820099 0.025461141914129258					
362 23.702883839025162 0.0006162867764942348 0.012354297876358031 0.025440634340047837					
363 23.198989092023112 0.0006164410297060385 0.012362872034311294 0.025447172820568086					
364 23.293168772011995 0.000612253881408833 0.012287499040365218 0.02538957938551903					
365 22.596781115978956 0.0006138402706710622 0.012324176058173179 0.02534717172384262					
366 25.397815054981038 0.0006139205337967724 0.01233519372344017 0.025428584963083267					
367 26.00738035805989 0.000614886375842616 0.012349739775061607 0.025372782051563264					
368 23.08454831200652 0.000611291517270729 0.012309362098574639 0.02528436467051506					
369 23.10488455207087 0.0006124831619672477 0.01231584371626377 0.025285857170820235					
370 22.80736972496379 0.0006075952557148412 0.012244985163211822 0.02540055513381958					
371 25.283180138096213 0.00060973119456321 0.012294639080762863 0.025282087624073028					
372 23.003912040032446 0.0006061312014935538 0.012240444585680962 0.025393823087215425					
373 23.00454184098635 0.000608179202536121 0.012278878882527352 0.025406867265701294					
374 23.197634876007214 0.0006084951933007688 0.012284813299775123 0.02535273626446724					
375 23.099072266952135 0.0006053442804841325 0.012235759645700455 0.025505486875772476					
376 22.692809563013725 0.0006071958574466408 0.012276196673512459 0.025334102213382722					
377 23.102604369050823 0.0006043192581273616 0.012238819852471352 0.025276199579238892					
378 22.198263383936137 0.0006055421655764803 0.012249730840325355 0.025297037065029143					
379 21.998187493998557 0.0005997489398578182 0.012170186072587966 0.025199392139911653					
380 23.60285212798044 0.0006001625710632653 0.01217413580417633 0.02537296265363693					
381 24.09721066209022 0.0006051947321975604 0.012256161615252495 0.025255232900381088					
382 23.79688702803105 0.0006000669568311423 0.012175631538033485 0.025393887311220168					
383 23.492666466045193 0.0006010631145909428 0.0121967141777277 0.02539258450269699					
384 23.40202511206735 0.0005972214916255325 0.012135611206293107 0.025320640802383422					
385 23.496264185057953 0.0005963762826286256 0.012136382892727851 0.025223235189914702					
386 25.19336148898583 0.0005999851337401196 0.012194363564252854 0.02531407222151756					
387 23.20575634005945 0.0005958889273460955 0.012146669626235961 0.02531191110610962					
388 23.203094071010128 0.0005970861454261466 0.012164073422551155 0.025220090895891188					
389 23.391404508030973 0.000595109224668704 0.012128947734832763 0.025331379771232607					
390 23.391747058019973 0.0005935035593574867 0.012119186341762542 0.025272884368896485					
391 22.80733705603052 0.000594191670534201 0.012130412042140961 0.025275328904390337					
392 22.989150023902766 0.0005906829767627641 0.01206665787100792 0.02523646056652069					
393 23.013198200031184 0.000592053544241935 0.01210506609082222 0.0252576345205307					
394 23.084122430998832 0.000589468004181981 0.01205877462029457 0.025254677832126617					
395 23.59800563706085 0.0005909767630510032 0.012089695140719415 0.02538098156452179					
396 22.577169407042675 0.0005945786938536912 0.012145680397748947 0.02515011414885521					
397 22.42622017103713 0.0005929253890644758 0.012127159789204598 0.02516254484653473					
398 22.901336363051087 0.000588397835381329 0.012059826239943503 0.025161906033754348					
399 22.700458528008312 0.0005861588753759861 0.012027803272008896 0.025266802310943602					
400 22.797820862964727 0.0005674342764541507 0.011756775841116906 0.025096734166145326					
401 23.196278927032836 0.0005627107614418491 0.011683608517050742 0.025101766884326936					
402 22.60452981502749 0.0005619014904368669 0.011672925665974616 0.02506852671504021					
403 24.49477658700198 0.0005623505712719634 0.011691610395908356 0.025058636665344237					
404 23.802124953013845 0.0005624684161739424 0.011691606149077416 0.025078332871198653					
405 22.88528495200444 0.0005609846988227219 0.01166641317307949 0.02497975677251816					
406 23.09859447006602 0.0005598296457901597 0.011654092878103256 0.025019158571958543					
407 23.411035494995303 0.0005598267889581621 0.011654126942157745 0.025101922750473023					
408 23.98947524407413 0.0005608774314168841 0.011674789518117904 0.025016802996397018					
409 23.205351354088634 0.0005605034827021882 0.011675415992736816 0.025052157044410706					
410 23.498142811004072 0.0005597391544142738 0.011658570423722267 0.02501408874988556					
411 23.094313397072256 0.0005578731489367783 0.011631303623318672 0.02504969820380211					
412 23.398807746940292 0.0005581852316390723 0.011647162526845932 0.024973710477352144					
413 22.702086826087907 0.0005569343781098723 0.011624616906046867 0.025052928477525712					
414 23.198520454927348 0.000557164311176166 0.01162434658408165 0.02500835657119751					
415 22.798023408977315 0.0005569582252064719 0.011632939711213111 0.025005771666765212					
416 24.592847511987202 0.0005561412335373462 0.011617804035544396 0.025137494057416915					
417 22.0056467539398 0.0005566550325602293 0.011627466604113578 0.025026901811361312					
418 22.68717180704698 0.0005555541842477397 0.011613506615161896 0.024999861419200898					
419 22.60374505596701 0.0005551282659871504 0.01160640037059784 0.02505516052246094					
420 22.602932051056996 0.000554335742490366 0.011596371695399284 0.025053234696388246					
421 22.992788727977313 0.0005545199220068753 0.011602540314197541 0.02507201924920082					
422 23.995828843908384 0.0005542207323014736 0.011603627488017082 0.025020059049129486					
423 24.311135079013184 0.0005547521519474685 0.011610677510499955 0.02504988878965378					
424 24.185671743005514 0.00055612993077375 0.01163374963402748 0.025015452057123185					
425 23.196852190070786 0.0005547939304960892 0.011616506904363633 0.025014927089214326					
426 24.108888605958782 0.0005534204206196591 0.011595233380794524 0.025023753494024276					
427 23.68905479600653 0.0005527989455731586 0.011590021520853042 0.024966636300086976					
428 23.598381845047697 0.0005526168778305873 0.011593431532382965 0.025004942417144776					
429 24.608582464046776 0.0005516715621342882 0.011567725270986557 0.025015171766281128					
430 23.697420244920067 0.0005522657703841105 0.011579745560884475 0.02508928209543228					
431 23.190192506066523 0.0005507219571154564 0.01156120102107525 0.025014015287160872					
432 23.5090025520185 0.0005491103354142979 0.01154653000831604 0.024966980218887328					
433 23.09389946295414 0.000549809523508884 0.011552252560853958 0.02500066637992859					
434 22.791964075993747 0.0005512715340591967 0.011580664172768592 0.02496861383318901					
435 22.399715405073948 0.0005493913684040308 0.011552918925881386 0.024957522749900818					
436 23.308792605996132 0.0005480810982408002 0.011531294167041779 0.02497253119945526					
437 22.900797323905863 0.000546954968594946 0.011513556823134423 0.02496399700641632					
438 22.88632501999382 0.0005476470955181867 0.011520906999707222 0.025013772547245027					
439 23.010609932010993 0.0005478209408465773 0.011532014310359955 0.02497683584690094					
440 24.192436657031067 0.0005468594969715923 0.011521276593208313 0.024898611158132553					
441 24.605134179000743 0.0005471930943895131 0.011519691705703735 0.025008369386196137					
442 22.894915931974538 0.0005455100745894015 0.011508057057857514 0.024953982830047607					
443 23.29905732208863 0.0005457890237448737 0.011506349712610244 0.024995854794979094					
444 22.998213622020558 0.0005434618721483275 0.01147755168378353 0.024936295002698897					
445 22.798113988013938 0.0005466075165895746 0.011526756510138512 0.025082588344812393					
446 23.590249183005653 0.0005445692548528314 0.011498515903949737 0.02501468688249588					
447 23.30210614996031 0.0005435470247175544 0.011489240512251853 0.025031631737947466					
448 22.89235626894515 0.0005447779764654114 0.011507017269730567 0.024968057721853256					
449 23.096261368948035 0.000541793288430199 0.011462588042020798 0.024943368136882783					
450 23.213950425968505 0.000542382204439491 0.011471052825450898 0.024955141246318816					
451 23.28407439601142 0.0005417418718570843 0.01145983850955963 0.02495225816965103					
452 23.297618392971344 0.000542166146915406 0.011475853115320206 0.024934567511081696					
453 23.206360050011426 0.0005417226086137817 0.011463921025395393 0.024933560341596602					
454 23.903610676992685 0.0005404319643275812 0.011446210786700248 0.02497625946998596					
455 23.98793499392923 0.0005393548600841313 0.011435482650995255 0.024944576919078826					
456 22.810057858005166 0.000539671226288192 0.011436910390853882 0.02493313267827034					
457 23.19583845708985 0.0005398302624234929 0.011448679178953172 0.024940496534109114					
458 23.2951001500478 0.0005380191939184442 0.011414035320281983 0.024930920749902725					
459 23.498469325946644 0.000538787889527157 0.011424769669771195 0.02494449108839035					
460 24.80575586797204 0.0005383277032524347 0.011432553827762603 0.02492499440908432					
461 25.59143139794469 0.0005373773584142328 0.011415458396077155 0.024869320392608644					
462 21.996501564979553 0.0005371026054490358 0.011407291889190674 0.02490322843194008					
463 22.606440215022303 0.0005365899408934638 0.01140413761138916 0.024862984269857405					
464 23.6973354939837 0.0005357102031121031 0.011396567180752755 0.024978865683078767					
465 23.395536502008326 0.0005384851997951045 0.011440723538398742 0.02490638792514801					
466 24.80168869998306 0.0005361641675699502 0.011403406992554665 0.024882742613554002					
467 26.986345614073798 0.000534375833813101 0.011380441129207611 0.024886940568685532					
468 22.766119627980515 0.0005356662295525894 0.011403044432401657 0.02485670894384384					
469 22.935836007934995 0.0005346606177045033 0.011384142607450486 0.02492688626050949					
470 22.99390547501389 0.0005348771781427785 0.011396206572651862 0.02488973915576935					
471 24.109758557053283 0.0005341417423915118 0.011389931574463844 0.024963001161813735					
472 24.300629011937417 0.0005341702845180407 0.011391391098499298 0.024911543428897856					
473 23.58683302497957 0.0005322245275601745 0.011359739392995834 0.02488115832209587					
474 24.505884225014597 0.0005325199029175564 0.011360116198658943 0.024876489639282226					
475 23.701508393045515 0.0005309561942704022 0.011343985974788666 0.02484123393893242					
476 23.199266731040552 0.0005299516144441441 0.011326418787240982 0.024833594113588334					
477 23.598055682959966 0.0005296380794607103 0.011323782593011856 0.024886486530303956					
478 24.198221586993895 0.0005301174201304093 0.011329442217946052 0.024900534301996232					
479 24.99231822800357 0.0005312306573614478 0.011357308462262154 0.024890348315238953					
480 24.70318443805445 0.0005290393234463408 0.011325204521417618 0.024891871362924575					
481 23.599204394966364 0.000529933403013274 0.01133305063843727 0.02483832076191902					
482 23.59875184192788 0.0005288145772647112 0.011321927309036256 0.02490213394165039					
483 23.200697495019995 0.0005287810025038197 0.011312414243817329 0.0248392753303051					
484 25.09634864900727 0.0005279714072821662 0.011304276332259179 0.024870519787073136					
485 24.88653169805184 0.0005277111899340526 0.011307082012295723 0.024883674830198287					
486 23.91148221795447 0.0005281089548952877 0.01131404346227646 0.024834771752357484					
487 23.68654671497643 0.0005272892443463206 0.011305036544799805 0.02484648734331131					
488 23.904297480010428 0.0005264742136932909 0.011288906827569008 0.02487071916460991					
489 23.505087387980893 0.0005257197009632364 0.011289689600467681 0.024830829352140427					
490 23.492849519010633 0.0005243576096836478 0.011258761584758758 0.02486345320940018					
491 23.103171271970496 0.0005240305047482252 0.0112584917396307 0.024838713556528093					
492 23.597719129058532 0.0005233000463340431 0.011252062976360321 0.0248075595498085					
493 24.2037948690122 0.0005247682583285495 0.011279533937573433 0.02482062131166458					
494 25.18435195297934 0.0005239916185382754 0.01126735320687294 0.024804001301527025					
495 24.108442414086312 0.0005238553439266979 0.011263056486845016 0.024796352535486222					
496 23.696237748954445 0.0005223588453372941 0.011244466483592987 0.024800273478031157					
497 23.40389126900118 0.0005214162560878322 0.011225624904036523 0.024848570078611375					
498 23.19702688907273 0.000522196963429451 0.011240715608000756 0.024845666736364364					
499 23.48864010896068 0.000523459411924705 0.011265689045190812 0.024845093935728074					